0.995 1.016 1.022 1.024 1.019 0.986 0.959 0.953 0.956 0.966 0.981 0.994 0.994 0.986 0.974 0.966 0.963 0.962 0.968 0.979 0
1.002 1.008 1.012 1.008 1.028 1.023 0.994 1.003 0.923 0.825 0.811 0.877 0.932 0.941 0.957 0.991 1.061 1.101 1.072 1.004 0
0.946 0.942 0.962 0.991 1.018 1.026 1.004 0.984 0.979 1.003 1.015 0.994 0.976 0.968 0.973 0.992 1.030 1.123 1.033 1.068 0
0.858 0.987 0.991 0.979 1.038 1.104 1.065 0.963 0.806 0.836 0.922 0.952 0.951 1.016 1.056 1.076 1.004 0.946 0.928 0.911 0
1.004 1.009 1.023 0.986 0.940 0.984 1.041 1.029 1.012 1.025 0.980 0.966 1.013 0.983 1.000 1.063 0.970 0.876 1.118 0.975 0
1.063 1.067 1.068 1.016 1.012 1.030 0.743 0.853 0.790 0.818 0.938 0.939 0.862 0.900 0.900 0.934 0.909 0.889 0.945 0.924 0
0.931 0.911 0.910 0.910 0.913 0.940 0.915 0.905 0.910 0.914 0.913 0.928 0.893 0.911 0.940 0.882 0.922 0.901 0.931 0.922 0
0.919 0.907 0.891 0.906 0.973 0.962 0.955 0.977 0.950 0.931 0.906 0.902 0.919 0.929 0.890 0.828 0.837 0.886 1.015 1.169 0
1.122 0.943 0.983 0.962 0.919 0.831 1.040 0.977 0.941 0.966 0.909 0.922 0.897 0.928 0.979 1.082 1.016 1.004 1.013 0.962 0
0.910 0.863 0.863 0.898 0.967 0.993 0.978 0.964 0.946 0.936 1.014 1.057 1.001 0.999 0.996 0.967 0.967 0.984 0.981 0.990 0
1.006 1.010 0.988 0.981 1.007 0.994 0.975 1.006 1.028 0.998 0.995 0.989 0.988 1.002 1.001 0.986 0.978 0.991 1.014 1.013 0
1.004 1.017 1.007 0.994 1.006 1.005 1.005 0.992 0.973 0.978 0.988 0.992 0.989 0.996 1.013 1.017 0.992 0.961 0.970 0.994 0
1.010 1.001 0.973 0.968 0.993 0.997 0.982 0.969 0.972 1.008 0.992 0.960 0.897 0.896 0.964 1.037 1.083 1.092 1.038 1.001 0
0.962 0.959 0.981 0.989 1.001 0.999 0.989 0.979 0.979 1.002 1.002 1.006 1.028 1.032 1.008 1.001 0.997 0.942 0.912 0.924 0
0.948 0.955 0.943 0.969 0.960 0.953 0.954 0.933 0.935 0.913 0.906 0.958 0.976 1.048 1.095 1.048 0.981 0.967 0.941 0.974 0
1.016 1.038 1.020 1.037 1.038 0.996 0.968 0.975 0.991 0.995 1.022 0.999 0.996 0.966 1.002 1.041 1.016 0.974 0.943 1.005 0
1.058 1.038 1.001 0.964 0.964 1.000 1.022 0.998 1.020 1.058 1.031 1.027 0.992 1.035 0.942 0.960 1.058 1.000 0.848 0.823 0
1.129 1.027 0.946 1.005 1.067 1.005 0.979 0.935 0.938 0.999 0.964 0.926 0.960 0.966 0.981 0.983 0.954 0.871 1.000 1.092 0
1.149 0.996 0.956 0.975 1.027 1.080 0.950 1.066 0.907 0.926 0.981 1.007 1.032 1.010 0.977 0.989 0.980 1.008 1.021 0.985 0
0.989 1.018 1.001 0.975 0.999 1.008 0.994 0.981 0.996 1.001 0.989 0.990 0.996 0.985 0.997 0.992 1.029 0.971 0.979 0.995 0
0.993 1.002 1.007 0.997 0.981 0.991 0.970 0.901 0.973 1.059 1.023 0.955 1.024 0.984 0.992 0.994 1.001 0.992 1.006 0.966 0
0.983 1.009 0.995 0.979 0.990 1.009 1.006 1.013 1.022 0.994 0.987 1.004 1.014 1.000 0.994 0.993 1.003 1.004 1.010 0.989 0
0.998 0.988 0.997 1.019 1.017 0.992 0.998 1.007 1.001 1.007 0.994 0.987 0.983 1.005 1.010 1.000 0.999 0.993 0.991 1.001 0
1.000 0.990 1.001 1.011 0.999 1.000 0.963 0.970 0.996 1.003 0.994 0.989 1.004 0.995 1.004 0.992 0.994 0.986 0.987 0.997 0
0.993 1.000 1.009 0.998 0.993 0.990 0.994 0.993 0.994 0.995 0.988 1.002 1.009 0.980 0.988 1.005 1.014 0.990 0.996 0.982 0
0.990 0.984 0.986 1.004 1.011 0.984 0.997 0.990 0.993 0.987 0.943 1.067 0.973 0.978 0.972 1.014 0.977 0.999 1.025 0.972 0
0.927 0.992 1.049 0.970 0.967 1.027 0.927 0.997 1.037 0.986 0.995 1.032 1.042 0.941 0.935 1.009 0.969 0.986 0.960 0.996 0
1.035 1.021 0.975 0.958 0.988 0.994 0.999 0.997 0.996 0.993 0.990 0.992 1.000 1.001 1.004 0.997 0.998 0.998 0.995 0.996 0
0.994 0.991 0.964 1.014 1.029 0.976 0.992 1.008 1.002 1.007 1.014 1.009 0.991 0.999 0.990 1.000 1.014 0.986 0.973 1.004 0
0.997 0.992 1.003 0.987 0.999 1.010 0.996 0.996 0.989 0.986 0.987 0.997 1.000 1.007 1.011 0.990 1.002 0.994 0.989 1.016 0
1.035 0.973 0.806 0.791 0.956 1.603 0.937 0.367 0.353 1.081 1.508 1.047 0.834 1.031 0.879 0.884 0.960 0.929 0.898 0.915 1
0.806 0.791 0.956 1.603 0.937 0.367 0.353 1.081 1.508 1.047 0.834 1.031 0.879 0.884 0.960 0.929 0.898 0.915 0.922 0.944 1
0.916 0.871 0.841 0.845 0.810 0.789 0.836 0.937 1.070 1.012 0.873 0.792 0.746 0.831 1.209 1.659 0.776 0.339 0.932 1.552 1
0.810 0.789 0.836 0.937 1.070 1.012 0.873 0.792 0.746 0.831 1.209 1.659 0.776 0.339 0.932 1.552 1.189 0.810 1.079 0.895 1
1.012 0.873 0.792 0.746 0.831 1.209 1.659 0.776 0.339 0.932 1.552 1.189 0.810 1.079 0.895 1.005 1.000 1.004 0.932 0.909 1
1.209 1.659 0.776 0.339 0.932 1.552 1.189 0.810 1.079 0.895 1.005 1.000 1.004 0.932 0.909 0.833 0.832 0.980 1.152 1.267 1
1.552 1.189 0.810 1.079 0.895 1.005 1.000 1.004 0.932 0.909 0.833 0.832 0.980 1.152 1.267 1.315 1.193 1.125 1.360 1.136 1
0.833 0.832 0.980 1.152 1.267 1.315 1.193 1.125 1.360 1.136 0.919 0.938 1.217 1.483 1.014 0.798 0.889 0.984 0.839 0.648 1
1.315 1.193 1.125 1.360 1.136 0.919 0.938 1.217 1.483 1.014 0.798 0.889 0.984 0.839 0.648 0.567 0.580 0.615 0.593 0.816 1
0.798 0.889 0.984 0.839 0.648 0.567 0.580 0.615 0.593 0.816 1.527 1.836 1.108 0.312 0.387 1.148 1.690 1.123 0.423 0.795 1
0.930 0.695 1.012 1.087 0.881 0.886 1.157 1.167 1.035 0.966 0.551 0.881 0.928 1.778 1.402 0.685 0.593 0.653 0.865 1.034 1
0.881 0.886 1.157 1.167 1.035 0.966 0.551 0.881 0.928 1.778 1.402 0.685 0.593 0.653 0.865 1.034 0.758 0.872 1.463 1.119 1
0.966 0.551 0.881 0.928 1.778 1.402 0.685 0.593 0.653 0.865 1.034 0.758 0.872 1.463 1.119 1.017 1.104 1.046 0.956 1.249 1
1.402 0.685 0.593 0.653 0.865 1.034 0.758 0.872 1.463 1.119 1.017 1.104 1.046 0.956 1.249 1.055 0.888 1.162 0.852 0.795 1
1.034 0.758 0.872 1.463 1.119 1.017 1.104 1.046 0.956 1.249 1.055 0.888 1.162 0.852 0.795 1.009 0.947 1.060 1.248 1.133 1
1.017 1.104 1.046 0.956 1.249 1.055 0.888 1.162 0.852 0.795 1.009 0.947 1.060 1.248 1.133 0.985 0.973 1.030 0.947 0.760 1
1.009 0.947 1.060 1.248 1.133 0.985 0.973 1.030 0.947 0.760 0.800 0.885 0.941 0.879 0.909 1.001 0.884 0.917 1.032 1.066 1
0.874 0.962 0.978 1.025 0.997 0.979 0.984 1.039 1.060 1.038 0.949 1.003 1.041 1.033 1.041 1.049 1.162 1.383 1.257 0.900 1
0.759 0.878 1.199 1.174 0.983 1.041 1.109 1.010 0.883 0.864 0.916 0.871 0.841 0.845 0.810 0.789 0.836 0.937 1.070 1.012 1
0.873 0.792 0.746 0.831 1.209 1.659 0.776 0.339 0.932 1.552 1.189 0.810 1.079 0.895 1.005 1.000 1.004 0.932 0.909 0.833 1
0.832 0.980 1.152 1.267 1.315 1.193 1.125 1.360 1.136 0.919 0.938 1.217 1.483 1.014 0.798 0.889 0.984 0.839 0.648 0.567 1
0.580 0.615 0.593 0.816 1.527 1.836 1.108 0.312 0.387 1.148 1.690 1.123 0.423 0.795 1.394 1.206 0.826 0.858 0.976 0.932 1
0.992 1.045 0.996 0.947 0.946 0.905 0.981 1.179 1.258 1.384 1.018 1.219 1.408 1.083 0.840 1.192 1.467 1.051 0.841 0.710 1
0.729 0.962 0.766 0.551 0.523 0.690 0.688 0.791 1.465 1.844 0.958 0.211 0.430 0.871 2.194 1.490 0.336 0.325 1.209 1.586 1
1.021 0.856 0.930 0.857 0.864 0.973 0.934 0.948 0.900 1.004 1.253 1.335 1.072 1.046 1.340 1.271 0.911 0.712 0.957 1.502 1
1.209 1.006 0.910 0.813 0.760 0.779 0.684 0.604 0.685 0.762 1.028 1.157 1.016 0.754 0.837 1.511 1.076 0.355 0.597 1.774 1
0.760 0.779 0.684 0.604 0.685 0.762 1.028 1.157 1.016 0.754 0.837 1.511 1.076 0.355 0.597 1.774 1.442 0.912 0.871 1.155 1
0.841 0.980 1.506 0.931 0.450 0.892 1.563 1.274 0.824 0.884 0.987 0.949 0.979 1.025 1.022 0.937 0.924 1.008 0.976 1.065 1
0.144 0.118 0.127 0.148 0.153 0.158 0.181 0.217 0.299 0.419 0.643 0.828 1.000 1.167 1.238 1.161 1.073 0.946 0.906 0.871 1
1.000 1.167 1.238 1.161 1.073 0.946 0.906 0.871 0.727 0.552 0.413 0.274 0.527 0.177 0.100 0.176 0.144 0.179 0.160 0.119 1
0.411 0.593 0.896 0.652 0.312 0.391 0.681 0.497 0.689 0.987 1.194 1.049 0.961 0.933 0.815 0.830 0.812 0.811 1.102 0.885 1
0.827 0.797 0.788 0.707 0.570 0.412 0.523 1.795 1.281 1.289 1.170 1.159 1.037 1.124 0.774 0.538 1.186 1.045 0.814 0.929 1
1.103 0.959 0.922 0.860 0.848 0.830 0.775 1.085 1.331 0.816 0.711 0.796 1.048 1.089 1.086 0.933 0.885 0.810 1.095 0.878 1
0.977 0.881 0.760 0.699 0.990 0.944 1.580 1.381 1.128 0.934 0.483 0.202 0.698 1.483 1.487 1.042 0.780 0.829 0.853 0.651 1
0.356 0.676 0.335 1.910 1.585 1.027 0.992 1.140 1.075 0.825 0.816 0.994 0.954 0.757 1.161 0.987 0.969 0.986 1.006 0.938 1
0.933 0.992 0.970 1.019 1.082 1.111 1.037 0.971 0.929 0.907 1.204 1.021 0.965 0.974 1.014 0.931 0.895 1.000 1.023 1.007 1
0.979 0.893 0.966 0.934 0.910 0.945 1.022 1.034 0.926 0.911 0.764 0.941 1.373 1.099 0.841 1.010 0.944 1.016 0.992 0.996 1
0.932 0.601 0.943 1.230 1.144 0.839 0.983 1.013 0.966 0.917 0.923 0.991 0.990 0.957 0.933 0.928 1.060 1.190 1.163 1.028 1
1.116 1.358 1.300 1.046 0.808 0.911 1.243 1.166 0.904 0.758 0.834 0.862 0.798 0.693 0.592 0.668 0.767 0.854 0.981 1.201 1
1.319 1.146 0.771 0.675 0.742 1.008 1.242 1.297 0.618 0.599 1.174 1.345 0.957 0.952 1.058 1.005 0.965 0.890 0.886 0.882 1
0.858 0.813 0.819 1.051 1.419 1.337 1.314 1.298 1.289 1.108 0.862 0.735 1.341 1.514 0.998 0.789 0.860 0.807 0.743 0.889 1
0.770 0.574 0.703 0.918 1.226 1.226 1.102 0.835 1.012 1.835 0.910 0.503 0.952 1.483 1.052 0.753 1.070 1.023 0.936 0.942 1
0.937 0.902 0.886 0.903 0.919 0.961 1.063 1.580 1.512 1.236 0.528 0.072 0.114 -0.22 -0.31 0.305 1.171 2.211 2.552 1.259 2
1.212 1.942 2.301 1.844 2.044 1.060 0.886 0.814 0.442 0.099 -0.36 -0.41 0.407 4.552 1.340 0.642 1.322 0.757 0.466 0.263 2
1.073 1.071 1.124 1.197 1.009 0.720 0.424 0.291 0.852 1.828 0.911 0.862 0.934 0.969 0.838 0.795 0.822 0.881 1.122 1.650 2
0.822 0.881 1.122 1.650 1.481 1.053 0.731 0.323 0.596 0.885 0.614 0.818 0.922 1.068 1.519 2.019 1.089 0.917 0.827 1.075 2
1.018 1.137 1.355 1.080 0.979 1.050 0.444 -0.14 -0.04 0.665 4.315 0.802 0.711 1.006 1.490 1.297 0.867 0.919 0.786 0.733 2
0.711 1.006 1.490 1.297 0.867 0.919 0.786 0.733 1.468 1.331 0.730 0.567 0.278 0.148 0.514 2.888 0.678 0.808 1.154 1.272 2
0.856 0.876 1.058 1.294 1.526 1.306 0.172 -0.08 -0.08 1.367 2.751 0.865 0.667 0.781 1.344 1.311 0.844 0.815 0.925 0.983 2
0.890 0.893 0.905 1.094 1.175 1.289 1.368 1.564 1.499 1.253 0.862 0.040 -0.17 -0.44 -0.52 -0.05 3.100 1.751 0.571 1.094 2
0.571 1.094 1.994 1.619 1.263 1.293 1.015 0.669 0.464 0.418 0.425 0.425 0.277 2.254 1.708 1.024 1.219 1.841 1.625 0.881 2
0.425 0.277 2.254 1.708 1.024 1.219 1.841 1.625 0.881 0.620 0.629 0.621 0.455 0.450 0.577 0.617 0.574 1.093 1.672 1.120 2
1.065 1.082 1.143 1.168 1.207 1.259 1.106 0.812 0.449 0.432 0.170 -0.06 1.286 4.205 0.782 0.535 0.520 1.017 0.700 0.910 2
0.535 0.520 1.017 0.700 0.910 1.320 1.572 0.465 0.740 0.766 1.159 0.917 0.740 0.454 0.428 0.479 2.392 0.562 0.171 1.044 2
1.023 0.946 0.938 0.664 0.976 0.882 0.967 1.248 1.645 1.144 0.714 0.632 0.563 0.439 0.287 1.069 1.688 1.021 0.544 0.447 2
1.339 1.142 1.165 1.480 0.450 -0.66 -1.04 -0.41 0.073 2.963 2.003 0.098 0.117 0.707 1.814 1.791 0.792 0.619 0.878 0.924 2
0.509 0.728 0.926 0.948 0.801 0.490 0.328 0.213 0.795 2.421 0.922 0.301 1.032 1.095 0.654 0.735 0.715 0.699 0.711 0.785 2
0.738 0.810 1.044 1.148 1.130 0.825 0.102 -0.17 -0.63 1.105 2.768 1.138 0.599 0.738 0.913 1.046 0.873 0.801 0.736 0.865 2
0.736 0.865 1.117 2.034 1.221 1.372 1.606 1.458 0.699 0.640 0.560 0.133 -0.44 -0.27 0.525 1.857 2.189 1.239 0.524 0.791 2
0.699 0.640 0.560 0.133 -0.44 -0.27 0.525 1.857 2.189 1.239 0.524 0.791 1.181 0.889 0.674 0.529 0.602 1.454 1.668 1.350 2
1.136 1.350 1.820 1.535 0.771 0.399 0.641 0.793 0.590 0.434 0.378 0.699 1.499 4.704 0.361 -0.18 1.179 1.449 0.884 0.551 2
1.535 0.771 0.399 0.641 0.793 0.590 0.434 0.378 0.699 1.499 4.704 0.361 -0.18 1.179 1.449 0.884 0.551 0.620 0.792 0.924 2
0.793 0.590 0.434 0.378 0.699 1.499 4.704 0.361 -0.18 1.179 1.449 0.884 0.551 0.620 0.792 0.924 1.047 1.082 1.341 1.045 2
1.204 1.256 0.964 0.779 0.720 0.810 1.740 1.659 1.079 1.052 2.096 0.531 1.330 2.336 2.347 1.151 0.434 -0.36 -0.54 -0.55 2
0.779 0.720 0.810 1.740 1.659 1.079 1.052 2.096 0.531 1.330 2.336 2.347 1.151 0.434 -0.36 -0.54 -0.55 0.586 0.679 1.511 2
1.659 1.079 1.052 2.096 0.531 1.330 2.336 2.347 1.151 0.434 -0.36 -0.54 -0.55 0.586 0.679 1.511 2.783 2.422 1.634 1.328 2
0.531 1.330 2.336 2.347 1.151 0.434 -0.36 -0.54 -0.55 0.586 0.679 1.511 2.783 2.422 1.634 1.328 1.348 0.853 0.743 0.672 2
2.422 1.634 1.328 1.348 0.853 0.743 0.672 0.564 0.366 0.020 -0.03 2.385 2.296 1.857 2.597 2.064 1.407 1.217 0.570 -0.08 2
0.853 0.743 0.672 0.564 0.366 0.020 -0.03 2.385 2.296 1.857 2.597 2.064 1.407 1.217 0.570 -0.08 -0.41 -0.45 0.013 0.571 2
1.046 1.114 1.096 1.171 1.105 0.948 0.661 0.548 0.583 0.182 0.577 2.133 1.795 1.008 1.022 1.285 1.235 1.799 1.381 0.678 2
0.577 2.133 1.795 1.008 1.022 1.285 1.235 1.799 1.381 0.678 0.201 -0.01 0.116 -0.28 -0.48 0.734 2.631 1.886 1.344 1.019 2
1.022 1.285 1.235 1.799 1.381 0.678 0.201 -0.01 0.116 -0.28 -0.48 0.734 2.631 1.886 1.344 1.019 1.466 1.629 0.949 0.090 2
0.116 -0.28 -0.48 0.734 2.631 1.886 1.344 1.019 1.466 1.629 0.949 0.090 0.305 0.368 0.134 0.660 1.591 1.611 1.658 1.855 2
1.629 0.949 0.090 0.305 0.368 0.134 0.660 1.591 1.611 1.658 1.855 1.218 1.258 1.662 1.210 0.735 0.816 0.632 0.256 0.066 2
0.735 0.816 0.632 0.256 0.066 -0.01 -0.02 0.089 0.571 2.952 1.649 0.596 1.812 0.601 0.991 1.914 0.967 0.715 0.591 0.934 2
-0.18 -0.05 1.022 3.440 1.493 0.988 1.028 1.300 1.064 0.440 0.085 -0.07 -0.07 -0.01 0.098 1.671 2.840 0.911 0.734 1.312 2
-0.00 0.306 2.234 2.131 1.341 1.162 0.673 0.205 -0.18 -0.05 1.022 3.440 1.493 0.988 1.028 1.300 1.064 0.440 0.085 -0.07 2
1.341 1.162 0.673 0.205 -0.18 -0.05 1.022 3.440 1.493 0.988 1.028 1.300 1.064 0.440 0.085 -0.07 -0.07 -0.01 0.098 1.671 2
-0.18 -0.05 1.022 3.440 1.493 0.988 1.028 1.300 1.064 0.440 0.085 -0.07 -0.07 -0.01 0.098 1.671 2.840 0.911 0.734 1.312 2
0.936 0.896 0.706 0.843 1.326 2.156 2.237 0.903 0.177 -0.06 -0.24 -0.24 -0.05 0.738 4.257 1.178 1.203 1.509 1.396 1.008 2
0.706 0.843 1.326 2.156 2.237 0.903 0.177 -0.06 -0.24 -0.24 -0.05 0.738 4.257 1.178 1.203 1.509 1.396 1.008 0.090 -0.11 2
1.326 2.156 2.237 0.903 0.177 -0.06 -0.24 -0.24 -0.05 0.738 4.257 1.178 1.203 1.509 1.396 1.008 0.090 -0.11 0.075 -0.02 2
0.177 -0.06 -0.24 -0.24 -0.05 0.738 4.257 1.178 1.203 1.509 1.396 1.008 0.090 -0.11 0.075 -0.02 0.384 2.758 2.309 1.440 2
-0.05 0.738 4.257 1.178 1.203 1.509 1.396 1.008 0.090 -0.11 0.075 -0.02 0.384 2.758 2.309 1.440 2.362 2.398 2.006 0.673 2
1.178 1.203 1.509 1.396 1.008 0.090 -0.11 0.075 -0.02 0.384 2.758 2.309 1.440 2.362 2.398 2.006 0.673 -0.17 -0.33 -0.56 2
0.090 -0.11 0.075 -0.02 0.384 2.758 2.309 1.440 2.362 2.398 2.006 0.673 -0.17 -0.33 -0.56 -0.60 -0.19 1.022 4.021 2.074 2
0.075 -0.02 0.384 2.758 2.309 1.440 2.362 2.398 2.006 0.673 -0.17 -0.33 -0.56 -0.60 -0.19 1.022 4.021 2.074 0.674 1.049 2
1.440 2.362 2.398 2.006 0.673 -0.17 -0.33 -0.56 -0.60 -0.19 1.022 4.021 2.074 0.674 1.049 1.196 0.543 0.265 0.192 0.099 2
-0.17 -0.33 -0.56 -0.60 -0.19 1.022 4.021 2.074 0.674 1.049 1.196 0.543 0.265 0.192 0.099 0.069 0.233 1.836 2.602 1.458 2
