 0.4986550905702953
 -0.4787325150619735
 -0.5594920747367901
 -0.0138844102114161
 0.3474839496192163
 -0.06951925536745329
 -0.05803207808656878
 0.03495346014491289
 0.1100743970718393
 0.2413608641986302
 1.222992344332127
 0.3942097210261798
 0.1296404236222519
 -0.576874948615171
 0.5100514562122053
 -0.2486091105609031
 -0.2528392128314134
 0.1350867892250313
 0.09983375214928114
 1.512763351435107
 0.1542269312943231
 -0.1804319835124746
 -0.1882930269628969
 0.002407523213260929
 0.008295216947249221
 -0.0385134613939574
 -0.04044360424581412
 -0.02584739458535432
 -0.0001060573865393931
 0.00354694174560225
 0.1992839187044183
 -0.01585282198652218
 0.001472978507737365
 -0.2175834453749089
 0.02795541470066665
 -0.05295039086572442
 -0.0541179225559542
 0.001718970648400683
 -0.017692221356726
 0.06080827790169466
 0.2185151644742902
 -0.2291508525665293
 -0.2813855255523824
 -0.005595821377077984
 -0.008453603155610723
 -0.01592305802888878
 -0.01733293621611784
 -0.006970382592492671
 -0.00733806656696036
 -0.00761845929351177
 -0.03751382663699854
 -0.02081688195499114
 -0.007685988683123066
 -0.4058295553161612
 -0.0295503342835077
 -0.0234541612382145
 -0.02439085646074121
 -0.007696044659441426
 -0.001271201794144426
 -0.1672496167757721
 0.1019171690115672
 -0.03835171031464592
 -0.1069758321927179
 -0.05489211629450154
 -0.09942156780520757
 0.1352377150657795
 0.1380377061246235
 0.1168121425168032
 -0.05191309861340998
 -0.08042406845605868
 -0.882556501955083
 -0.05874101183117924
 -0.06274505030107005
 -0.1084110292204167
 -0.2175347678868791
 0.1748433192064229
 0.1741390215882906
 -0.06613891184489437
 0.1048184917852852
 -0.5371222798970837
 0.05989354079048846
 -0.03510936597538746
 -0.06038024754395586
 -0.0539489257207189
 -0.09819723978650804
 0.1410715065236575
 0.1439575366070691
 0.1206711888919711
 -0.05070537577456845
 -0.07901495468211825
 -0.6996962333974005
 -0.05042761589315671
 -0.061677752982777
 -0.0460962730608396
 -0.1992794152710728
 0.1783163732563952
 0.1788092852640177
 -0.06529653208861896
 0.1065367525087949
 -0.6124797520488581
 0.1864536424834083
 -0.2373097555631896
 -0.2503188538653486
 -0.001980324841569197
 -0.003737903377609862
 -0.01800167404353524
 -0.02006097281364027
 -0.008470709842228447
 -0.003520715714907889
 -0.001189092802829214
 -0.2466170334685153
 -0.00148832206084377
 -0.003887390285299826
 -0.3825725622422306
 0.01681122990580031
 -0.03813351378826685
 -0.03601156181602983
 -0.00400366797561858
 -0.005134795379078886
 -0.01988224566618313
 0.2738878096138316
 -0.3658172331366534
 -0.3892951469135181
 0.02813880674924787
 0.0516757425934361
 -0.1114581518169006
 -0.1159042123527354
 -0.08392075264308864
 0.02279531704136108
 0.04175766793959658
 0.04960025466330006
 0.02415408580256931
 0.02912004622418732
 -0.5382653837350385
 0.1359667022320686
 -0.1604946225993025
 -0.1579905570987481
 0.03042903281240677
 -0.06978545288341767
 0.2645263990835994
 -0.231309367194832
 0.2800692165902372
 0.3286122894991428
 -0.04255704136309382
 -0.07160608294789959
 0.112999487823733
 0.1146115708195445
 0.09750394453781318
 -0.04123870685823368
 -0.06563811792782159
 -0.1887374892997364
 -0.04615891953664971
 -0.04819413309926835
 0.4483153017967848
 -0.008769277864265554
 0.1361360953302549
 0.1371306263740118
 -0.05329275591873518
 0.08671212154829025
 0.3624679506684325
 -0.3545942646657861
 0.3683466783331135
 0.461698787359704
 -0.01622172896107896
 -0.001354408847840618
 0.03486622941808926
 0.03337182298304758
 0.03490854844790933
 -0.01710928223595383
 -0.0284760068118659
 1.0964060927118
 -0.04171573695678476
 -0.01874589745047574
 0.545384317693735
 0.1946990948576378
 0.03306410359922719
 0.03252627923950888
 -0.02045123464069168
 0.03249991058590839
 0.9918724253145818
 -0.2464340848553302
 0.2425826609143023
 0.3535729556777241
 0.01833517789623805
 0.05497252397554728
 -0.07214886102834824
 -0.07650995793988923
 -0.05229843842346376
 0.01472867322310657
 0.02486474782773336
 0.982224204410728
 -0.006885424402878214
 0.01971826298699784
 0.5232092584166733
 0.271301926290257
 -0.106828326468309
 -0.1071465324656049
 0.02086536696932952
 -0.04245398692030396
 0.9380236186759223
 -0.4499026084646508
 0.5704212853008965
 0.7034840454106482
 -0.01639196887821688
 -0.01236182061361807
 0.03318538209387265
 0.03117260137544943
 0.03335124570824407
 -0.01657110028734951
 -0.02605968248232328
 0.5265673090333542
 -0.04271617297913996
 -0.01860670924178778
 1.059186762827529
 0.1318775957973481
 0.02813738986571571
 0.02883708445159021
 -0.01988794269108017
 0.03193831677839627
 0.07386220449630881
 -0.4164895092828663
 0.6443984508900564
 0.6677182671823547
 -0.04979532000165843
 -0.0814969928096267
 0.1153598369063595
 0.1155905917820533
 0.1012672844188803
 -0.04885925377147893
 -0.07702845001015138
 0.3267277438030396
 -0.09042155911081697
 -0.05638911338660456
 0.7898192111172594
 -0.02372283500511895
 0.1378884136846854
 0.1378238995311015
 -0.0600638895428545
 0.09270839164583555
 -0.04043116976621158
 0.3178741691555341
 -0.4127498870878518
 -0.4928646893553376
 -0.003770991652815439
 0.002919360860009763
 -0.0212484221372509
 -0.02264263737649112
 -0.0114860152017059
 -0.005704636828482297
 -0.006390100100493163
 0.3178008294107559
 -0.03088498121253853
 -0.005295662187858704
 -0.6232794289575452
 0.09102587514783318
 -0.02850771905250046
 -0.03174273409313882
 -0.004773873896077482
 -0.004948273003755254
 0.4579592563672037
 0.3367327317197619
 -0.3941431032466707
 -0.4757252984889971
 -0.01387764166204851
 -0.01610351252908773
 0.01075242648923742
 0.009898198225713611
 0.01460189749861985
 -0.0136310246769033
 -0.01863365781215293
 0.3523730656729493
 -0.03135970830034579
 -0.01597210122780618
 -0.6625074603750206
 0.00437004550931956
 0.01185533944182765
 0.009238117207479243
 -0.01592417879646333
 0.01761694722132644
 -0.007730302248875605
 0.279984818308059
 -0.179079676252929
 -0.3698102279815376
 -0.05238957035094562
 -0.09577438037680805
 0.1162357133642595
 0.1182493682275259
 0.1019347090807238
 -0.05021874710083329
 -0.07660900230673297
 -0.2509593110651908
 -0.06779946503541114
 -0.0597763492918014
 -0.7317314333618711
 -0.2148390199119949
 0.1475800133015853
 0.1461066006842528
 -0.06318802778368753
 0.09381075827037695
 -0.7660731487535045
 0.5554494505627173
 -0.6400515936445583
 -0.7570578828322901
 -0.009981613485267318
 -0.02002175839004494
 -0.005640289208640253
 -0.006174155393166243
 0.001341747521904216
 -0.01051284520967414
 -0.01058909056877845
 -0.03502039782812245
 -0.005810056105365136
 -0.01201589293655581
 -1.063145314401653
 -0.1362184698039739
 -0.02203081653829933
 -0.01979589051289655
 -0.01251412659473163
 0.00580581290958327
 -0.8796942580766078
 0.2178503133249117
 -0.2357552727032358
 -0.2173716698253179
 -0.007136618567931167
 -0.01884268907571277
 -0.009862561832172616
 -0.01017931189258171
 -0.002793077163583276
 -0.00804455583639996
 -0.007477117179070255
 -0.5476238460096624
 -0.006193141594392151
 -0.009393560379374636
 -0.08612787756292133
 -0.105345589493054
 -0.01315311276127091
 -0.01350276416526726
 -0.009726927603946493
 0.00156913785806907
 -0.6549385549903041
 -0.03649156081867192
 0.04843073231142855
 0.1150296775966212
 -0.02465450420638378
 -0.04571859999271739
 0.05484669192976765
 0.05516648835017251
 0.05085904666311333
 -0.02351721377311499
 -0.03373776936232036
 -0.5935943134916563
 -0.01641253930569886
 -0.02873837303410993
 0.2186698895715469
 -0.1076359950820027
 0.06448732056135044
 0.06545486255317784
 -0.03080875021435014
 0.04627001986058249
 -0.1016680227125949
 -0.02090824530765756
 -0.00301487738677847
 0.007767460508365002
 -0.03956844460916867
 -0.06627382982577859
 0.1129910648040139
 0.1144971394568733
 0.09613110170586478
 -0.03676213683961262
 -0.05820072538861552
 -0.4321343695359622
 -0.02990822419198515
 -0.04468060662195091
 -0.0343066732411277
 -0.03704400371613699
 0.1355609498644872
 0.1366620571856978
 -0.04821095011998335
 0.08421377253874092
 -0.01630655092028573
 0.05698523604228844
 -0.1069705393521102
 -0.1200014821704851
 -0.001540945427268052
 0.007285291674356709
 -0.005668510785979993
 -0.008070638377888776
 0.0007649004110725107
 -0.003474877779501261
 -0.00390230356278635
 0.05036722874743334
 -0.004796725647393124
 -0.003148040035816575
 -0.2176105564767948
 0.1724670212685183
 -0.0238597800226622
 -0.02219555834905999
 -0.00415830184616106
 0.002287354478620194
 0.5462044152995988
 -0.05774010604001859
 -0.002844541582131421
 0.07160911898432237
 0.02988132144778791
 0.06898525640729707
 -0.1075195404260456
 -0.1127853367608731
 -0.08112290375701668
 0.02473122948126375
 0.04225918190827215
 0.3812013105333363
 0.01335104569197049
 0.03150548729440908
 0.17531420607481
 0.2682108223192812
 -0.1550461264456807
 -0.1529468522962023
 0.03326737272581985
 -0.06790152378990849
 0.6869370149977895


