365.0 330.0 233.0 330.0 2.0 
355.0 330.0 233.0 330.0 4.0 
345.0 330.0 233.0 330.0 2.0 
335.0 330.0 233.0 330.0 2.0 
325.0 330.0 233.0 330.0 4.0 
315.0 330.0 233.0 330.0 2.0 
305.0 330.0 233.0 330.0 2.0 
295.0 330.0 233.0 330.0 4.0 
285.0 330.0 233.0 330.0 4.0 
275.0 330.0 233.0 330.0 2.0 
265.0 330.0 233.0 330.0 2.0 
255.0 330.0 233.0 330.0 4.0 
245.0 310.0 233.0 330.0 4.0 
27.0 330.0 1.0 330.0 2.0 
279.0 330.0 242.0 330.0 2.0 
269.0 330.0 242.0 330.0 2.0 
214.0 330.0 129.0 330.0 2.0 
204.0 330.0 129.0 330.0 2.0 
194.0 330.0 129.0 330.0 4.0 
184.0 330.0 129.0 330.0 4.0 
174.0 330.0 129.0 330.0 4.0 
164.0 330.0 129.0 330.0 4.0 
154.0 330.0 129.0 330.0 4.0 
144.0 310.0 129.0 330.0 2.0 
368.0 330.0 228.0 330.0 2.0 
358.0 330.0 228.0 330.0 4.0 
348.0 330.0 228.0 330.0 2.0 
338.0 330.0 228.0 330.0 2.0 
328.0 330.0 228.0 330.0 4.0 
318.0 330.0 228.0 330.0 4.0 
308.0 330.0 228.0 330.0 2.0 
298.0 330.0 228.0 330.0 4.0 
288.0 330.0 228.0 330.0 4.0 
278.0 330.0 228.0 330.0 4.0 
268.0 330.0 228.0 330.0 4.0 
258.0 330.0 228.0 330.0 4.0 
248.0 330.0 228.0 330.0 2.0 
186.0 330.0 22.0 330.0 4.0 
176.0 330.0 22.0 330.0 2.0 
166.0 330.0 22.0 330.0 2.0 
156.0 330.0 22.0 330.0 2.0 
146.0 330.0 22.0 330.0 4.0 
136.0 330.0 22.0 330.0 4.0 
126.0 330.0 22.0 330.0 4.0 
116.0 330.0 22.0 330.0 4.0 
106.0 330.0 22.0 330.0 4.0 
96.0 330.0 22.0 330.0 4.0 
86.0 330.0 22.0 330.0 4.0 
76.0 330.0 22.0 330.0 2.0 
66.0 330.0 22.0 330.0 2.0 
56.0 330.0 22.0 330.0 2.0 
46.0 330.0 22.0 330.0 4.0 
36.0 310.0 22.0 330.0 2.0 
347.0 330.0 13.0 330.0 4.0 
337.0 330.0 13.0 330.0 2.0 
327.0 330.0 13.0 330.0 2.0 
317.0 330.0 13.0 330.0 4.0 
307.0 330.0 13.0 330.0 2.0 
297.0 330.0 13.0 330.0 2.0 
287.0 330.0 13.0 330.0 4.0 
277.0 330.0 13.0 330.0 4.0 
267.0 330.0 13.0 330.0 4.0 
257.0 330.0 13.0 330.0 2.0 
247.0 330.0 13.0 330.0 4.0 
237.0 330.0 13.0 330.0 4.0 
227.0 330.0 13.0 330.0 4.0 
217.0 330.0 13.0 330.0 2.0 
207.0 330.0 13.0 330.0 4.0 
197.0 330.0 13.0 330.0 4.0 
187.0 330.0 13.0 330.0 4.0 
177.0 330.0 13.0 330.0 2.0 
167.0 330.0 13.0 330.0 2.0 
157.0 330.0 13.0 330.0 2.0 
147.0 330.0 13.0 330.0 4.0 
137.0 330.0 13.0 330.0 4.0 
127.0 330.0 13.0 330.0 4.0 
117.0 330.0 13.0 330.0 2.0 
107.0 330.0 13.0 330.0 4.0 
97.0 330.0 13.0 330.0 4.0 
87.0 330.0 13.0 330.0 4.0 
77.0 330.0 13.0 330.0 2.0 
67.0 330.0 13.0 330.0 2.0 
57.0 330.0 13.0 330.0 2.0 
47.0 330.0 13.0 330.0 2.0 
37.0 330.0 13.0 330.0 4.0 
27.0 310.0 13.0 330.0 4.0 
58.0 330.0 263.0 330.0 3.0 
68.0 330.0 263.0 330.0 3.0 
78.0 330.0 263.0 330.0 3.0 
88.0 330.0 263.0 330.0 3.0 
98.0 330.0 263.0 330.0 3.0 
108.0 330.0 263.0 330.0 1.0 
118.0 330.0 263.0 330.0 1.0 
128.0 330.0 263.0 330.0 3.0 
138.0 330.0 263.0 330.0 1.0 
148.0 330.0 263.0 330.0 1.0 
158.0 330.0 263.0 330.0 1.0 
168.0 330.0 263.0 330.0 3.0 
178.0 330.0 263.0 330.0 3.0 
188.0 330.0 263.0 330.0 3.0 
198.0 330.0 263.0 330.0 1.0 
208.0 330.0 263.0 330.0 1.0 
218.0 330.0 263.0 330.0 1.0 
228.0 330.0 263.0 330.0 1.0 
238.0 330.0 263.0 330.0 3.0 
248.0 310.0 263.0 330.0 1.0 
80.0 330.0 264.0 330.0 1.0 
90.0 330.0 264.0 330.0 3.0 
100.0 330.0 264.0 330.0 1.0 
110.0 330.0 264.0 330.0 1.0 
120.0 330.0 264.0 330.0 1.0 
130.0 330.0 264.0 330.0 1.0 
140.0 330.0 264.0 330.0 1.0 
150.0 330.0 264.0 330.0 1.0 
160.0 330.0 264.0 330.0 3.0 
170.0 330.0 264.0 330.0 3.0 
180.0 330.0 264.0 330.0 3.0 
190.0 330.0 264.0 330.0 1.0 
200.0 330.0 264.0 330.0 1.0 
210.0 330.0 264.0 330.0 3.0 
220.0 330.0 264.0 330.0 3.0 
230.0 330.0 264.0 330.0 3.0 
240.0 330.0 264.0 330.0 3.0 
250.0 310.0 264.0 330.0 1.0 
49.0 330.0 108.0 330.0 1.0 
59.0 330.0 108.0 330.0 1.0 
69.0 330.0 108.0 330.0 3.0 
79.0 330.0 108.0 330.0 1.0 
153.0 330.0 239.0 330.0 1.0 
163.0 330.0 239.0 330.0 1.0 
173.0 330.0 239.0 330.0 3.0 
183.0 330.0 239.0 330.0 3.0 
193.0 330.0 239.0 330.0 1.0 
203.0 330.0 239.0 330.0 3.0 
213.0 330.0 239.0 330.0 3.0 
223.0 310.0 239.0 330.0 1.0 
306.0 330.0 237.0 330.0 4.0 
296.0 330.0 237.0 330.0 4.0 
286.0 330.0 237.0 330.0 4.0 
276.0 330.0 237.0 330.0 4.0 
266.0 330.0 237.0 330.0 4.0 
256.0 310.0 237.0 330.0 4.0 
368.0 330.0 265.0 330.0 2.0 
358.0 330.0 265.0 330.0 2.0 
348.0 330.0 265.0 330.0 2.0 
338.0 330.0 265.0 330.0 2.0 
328.0 330.0 265.0 330.0 2.0 
318.0 330.0 265.0 330.0 2.0 
308.0 330.0 265.0 330.0 2.0 
298.0 330.0 265.0 330.0 2.0 
288.0 330.0 265.0 330.0 2.0 
171.0 330.0 46.0 330.0 2.0 
161.0 330.0 46.0 330.0 2.0 
151.0 330.0 46.0 330.0 2.0 
141.0 330.0 46.0 330.0 2.0 
131.0 330.0 46.0 330.0 2.0 
121.0 330.0 46.0 330.0 2.0 
111.0 330.0 46.0 330.0 2.0 
101.0 330.0 46.0 330.0 2.0 
91.0 330.0 46.0 330.0 2.0 
81.0 330.0 46.0 330.0 2.0 
71.0 330.0 46.0 330.0 2.0 
109.0 330.0 142.0 330.0 1.0 
119.0 330.0 142.0 330.0 1.0 
198.0 330.0 243.0 330.0 1.0 
208.0 330.0 243.0 330.0 1.0 
218.0 330.0 243.0 330.0 1.0 
267.0 330.0 327.0 330.0 1.0 
277.0 330.0 327.0 330.0 1.0 
287.0 330.0 327.0 330.0 1.0 
297.0 330.0 327.0 330.0 1.0 
307.0 330.0 327.0 330.0 1.0 
16.0 330.0 369.0 330.0 1.0 
26.0 330.0 369.0 330.0 1.0 
36.0 330.0 369.0 330.0 1.0 
46.0 330.0 369.0 330.0 1.0 
56.0 330.0 369.0 330.0 1.0 
66.0 330.0 369.0 330.0 1.0 
76.0 330.0 369.0 330.0 1.0 
86.0 330.0 369.0 330.0 1.0 
96.0 330.0 369.0 330.0 1.0 
106.0 330.0 369.0 330.0 1.0 
116.0 330.0 369.0 330.0 1.0 
126.0 330.0 369.0 330.0 1.0 
136.0 330.0 369.0 330.0 1.0 
146.0 330.0 369.0 330.0 1.0 
156.0 330.0 369.0 330.0 1.0 
166.0 330.0 369.0 330.0 1.0 
176.0 330.0 369.0 330.0 1.0 
186.0 330.0 369.0 330.0 1.0 
196.0 330.0 369.0 330.0 1.0 
206.0 330.0 369.0 330.0 1.0 
216.0 330.0 369.0 330.0 1.0 
226.0 330.0 369.0 330.0 1.0 
236.0 330.0 369.0 330.0 1.0 
246.0 330.0 369.0 330.0 1.0 
256.0 330.0 369.0 330.0 1.0 
266.0 330.0 369.0 330.0 1.0 
276.0 330.0 369.0 330.0 1.0 
286.0 330.0 369.0 330.0 1.0 
296.0 330.0 369.0 330.0 1.0 
306.0 330.0 369.0 330.0 1.0 
316.0 330.0 369.0 330.0 1.0 
326.0 330.0 369.0 330.0 1.0 
336.0 330.0 369.0 330.0 1.0 
346.0 330.0 369.0 330.0 1.0 
151.0 330.0 342.0 330.0 1.0 
161.0 330.0 342.0 330.0 1.0 
171.0 330.0 342.0 330.0 1.0 
181.0 330.0 342.0 330.0 1.0 
191.0 330.0 342.0 330.0 1.0 
201.0 330.0 342.0 330.0 1.0 
211.0 330.0 342.0 330.0 1.0 
221.0 330.0 342.0 330.0 1.0 
231.0 330.0 342.0 330.0 1.0 
241.0 330.0 342.0 330.0 1.0 
251.0 330.0 342.0 330.0 1.0 
261.0 330.0 342.0 330.0 1.0 
271.0 330.0 342.0 330.0 1.0 
281.0 330.0 342.0 330.0 1.0 
291.0 330.0 342.0 330.0 1.0 
301.0 330.0 342.0 330.0 1.0 
311.0 330.0 342.0 330.0 1.0 
321.0 330.0 342.0 330.0 1.0 
267.0 330.0 54.0 330.0 2.0 
257.0 330.0 54.0 330.0 2.0 
247.0 330.0 54.0 330.0 2.0 
237.0 330.0 54.0 330.0 2.0 
227.0 330.0 54.0 330.0 2.0 
217.0 330.0 54.0 330.0 2.0 
207.0 330.0 54.0 330.0 2.0 
197.0 330.0 54.0 330.0 2.0 
187.0 330.0 54.0 330.0 2.0 
177.0 330.0 54.0 330.0 2.0 
167.0 330.0 54.0 330.0 2.0 
157.0 330.0 54.0 330.0 2.0 
147.0 330.0 54.0 330.0 2.0 
137.0 330.0 54.0 330.0 2.0 
127.0 330.0 54.0 330.0 2.0 
117.0 330.0 54.0 330.0 2.0 
107.0 330.0 54.0 330.0 2.0 
97.0 330.0 54.0 330.0 2.0 
87.0 330.0 54.0 330.0 2.0 
77.0 330.0 54.0 330.0 2.0 
226.0 330.0 16.0 330.0 2.0 
216.0 330.0 16.0 330.0 2.0 
206.0 330.0 16.0 330.0 2.0 
196.0 330.0 16.0 330.0 2.0 
186.0 330.0 16.0 330.0 2.0 
176.0 330.0 16.0 330.0 2.0 
166.0 330.0 16.0 330.0 2.0 
156.0 330.0 16.0 330.0 2.0 
146.0 330.0 16.0 330.0 2.0 
136.0 330.0 16.0 330.0 2.0 
126.0 330.0 16.0 330.0 2.0 
116.0 330.0 16.0 330.0 2.0 
106.0 330.0 16.0 330.0 2.0 
96.0 330.0 16.0 330.0 2.0 
86.0 330.0 16.0 330.0 2.0 
76.0 330.0 16.0 330.0 2.0 
66.0 330.0 16.0 330.0 2.0 
56.0 330.0 16.0 330.0 2.0 
46.0 330.0 16.0 330.0 2.0 
36.0 330.0 16.0 330.0 2.0 
291.0 330.0 19.0 330.0 2.0 
281.0 330.0 19.0 330.0 2.0 
271.0 330.0 19.0 330.0 2.0 
261.0 330.0 19.0 330.0 2.0 
251.0 330.0 19.0 330.0 2.0 
241.0 330.0 19.0 330.0 2.0 
231.0 330.0 19.0 330.0 2.0 
221.0 330.0 19.0 330.0 2.0 
211.0 330.0 19.0 330.0 2.0 
201.0 330.0 19.0 330.0 2.0 
191.0 330.0 19.0 330.0 2.0 
181.0 330.0 19.0 330.0 2.0 
171.0 330.0 19.0 330.0 2.0 
161.0 330.0 19.0 330.0 2.0 
151.0 330.0 19.0 330.0 2.0 
141.0 330.0 19.0 330.0 2.0 
131.0 330.0 19.0 330.0 2.0 
121.0 330.0 19.0 330.0 2.0 
111.0 330.0 19.0 330.0 2.0 
101.0 330.0 19.0 330.0 2.0 
91.0 330.0 19.0 330.0 2.0 
81.0 330.0 19.0 330.0 2.0 
71.0 330.0 19.0 330.0 2.0 
61.0 330.0 19.0 330.0 2.0 
51.0 330.0 19.0 330.0 2.0 
41.0 330.0 19.0 330.0 2.0 
366.0 330.0 64.0 330.0 2.0 
356.0 330.0 64.0 330.0 2.0 
346.0 330.0 64.0 330.0 2.0 
336.0 330.0 64.0 330.0 2.0 
326.0 330.0 64.0 330.0 2.0 
316.0 330.0 64.0 330.0 2.0 
306.0 330.0 64.0 330.0 2.0 
296.0 330.0 64.0 330.0 2.0 
286.0 330.0 64.0 330.0 2.0 
276.0 330.0 64.0 330.0 2.0 
266.0 330.0 64.0 330.0 2.0 
256.0 330.0 64.0 330.0 2.0 
246.0 330.0 64.0 330.0 2.0 
236.0 330.0 64.0 330.0 2.0 
226.0 330.0 64.0 330.0 2.0 
216.0 330.0 64.0 330.0 2.0 
206.0 330.0 64.0 330.0 2.0 
196.0 330.0 64.0 330.0 2.0 
186.0 330.0 64.0 330.0 2.0 
176.0 330.0 64.0 330.0 2.0 
166.0 330.0 64.0 330.0 2.0 
156.0 330.0 64.0 330.0 2.0 
146.0 330.0 64.0 330.0 2.0 
136.0 330.0 64.0 330.0 2.0 
126.0 330.0 64.0 330.0 2.0 
116.0 330.0 64.0 330.0 2.0 
106.0 330.0 64.0 330.0 2.0 
96.0 330.0 64.0 330.0 2.0 
86.0 330.0 64.0 330.0 2.0 
1.0 330.0 117.0 330.0 1.0 
11.0 330.0 117.0 330.0 1.0 
21.0 330.0 117.0 330.0 1.0 
31.0 330.0 117.0 330.0 1.0 
41.0 330.0 117.0 330.0 1.0 
51.0 330.0 117.0 330.0 1.0 
61.0 330.0 117.0 330.0 1.0 
71.0 330.0 117.0 330.0 1.0 
81.0 330.0 117.0 330.0 1.0 
91.0 330.0 117.0 330.0 1.0 
257.0 330.0 36.0 330.0 2.0 
247.0 330.0 36.0 330.0 2.0 
237.0 330.0 36.0 330.0 2.0 
227.0 330.0 36.0 330.0 2.0 
217.0 330.0 36.0 330.0 2.0 
207.0 330.0 36.0 330.0 2.0 
197.0 330.0 36.0 330.0 2.0 
187.0 330.0 36.0 330.0 2.0 
177.0 330.0 36.0 330.0 2.0 
167.0 330.0 36.0 330.0 2.0 
157.0 330.0 36.0 330.0 2.0 
147.0 330.0 36.0 330.0 2.0 
137.0 330.0 36.0 330.0 2.0 
127.0 330.0 36.0 330.0 2.0 
117.0 330.0 36.0 330.0 2.0 
107.0 330.0 36.0 330.0 2.0 
97.0 330.0 36.0 330.0 2.0 
87.0 330.0 36.0 330.0 2.0 
77.0 330.0 36.0 330.0 2.0 
67.0 330.0 36.0 330.0 2.0 
57.0 330.0 36.0 330.0 2.0 
341.0 330.0 285.0 330.0 2.0 
331.0 330.0 285.0 330.0 2.0 
321.0 330.0 285.0 330.0 2.0 
311.0 330.0 285.0 330.0 2.0 
276.0 330.0 168.0 330.0 2.0 
266.0 330.0 168.0 330.0 2.0 
256.0 330.0 168.0 330.0 2.0 
246.0 330.0 168.0 330.0 2.0 
236.0 330.0 168.0 330.0 2.0 
226.0 330.0 168.0 330.0 2.0 
216.0 330.0 168.0 330.0 2.0 
206.0 330.0 168.0 330.0 2.0 
196.0 330.0 168.0 330.0 2.0 
259.0 330.0 204.0 330.0 2.0 
249.0 330.0 204.0 330.0 2.0 
239.0 330.0 204.0 330.0 2.0 
229.0 330.0 204.0 330.0 2.0 
341.0 330.0 252.0 330.0 2.0 
331.0 330.0 252.0 330.0 2.0 
321.0 330.0 252.0 330.0 2.0 
311.0 330.0 252.0 330.0 2.0 
301.0 330.0 252.0 330.0 2.0 
291.0 330.0 252.0 330.0 2.0 
281.0 330.0 252.0 330.0 2.0 
328.0 330.0 273.0 330.0 2.0 
318.0 330.0 273.0 330.0 2.0 
308.0 330.0 273.0 330.0 2.0 
298.0 330.0 273.0 330.0 2.0 
349.0 330.0 26.0 330.0 2.0 
339.0 330.0 26.0 330.0 2.0 
329.0 330.0 26.0 330.0 2.0 
319.0 330.0 26.0 330.0 2.0 
309.0 330.0 26.0 330.0 2.0 
299.0 330.0 26.0 330.0 2.0 
289.0 330.0 26.0 330.0 2.0 
279.0 330.0 26.0 330.0 2.0 
269.0 330.0 26.0 330.0 2.0 
259.0 330.0 26.0 330.0 2.0 
249.0 330.0 26.0 330.0 2.0 
239.0 330.0 26.0 330.0 2.0 
229.0 330.0 26.0 330.0 2.0 
219.0 330.0 26.0 330.0 2.0 
209.0 330.0 26.0 330.0 2.0 
199.0 330.0 26.0 330.0 2.0 
189.0 330.0 26.0 330.0 2.0 
179.0 330.0 26.0 330.0 2.0 
169.0 330.0 26.0 330.0 2.0 
159.0 330.0 26.0 330.0 2.0 
149.0 330.0 26.0 330.0 2.0 
139.0 330.0 26.0 330.0 2.0 
129.0 330.0 26.0 330.0 2.0 
119.0 330.0 26.0 330.0 2.0 
109.0 330.0 26.0 330.0 2.0 
99.0 330.0 26.0 330.0 2.0 
89.0 330.0 26.0 330.0 2.0 
79.0 330.0 26.0 330.0 2.0 
69.0 330.0 26.0 330.0 2.0 
59.0 330.0 26.0 330.0 2.0 
49.0 330.0 26.0 330.0 2.0 
236.0 330.0 98.0 330.0 2.0 
226.0 330.0 98.0 330.0 2.0 
216.0 330.0 98.0 330.0 2.0 
206.0 330.0 98.0 330.0 2.0 
196.0 330.0 98.0 330.0 2.0 
186.0 330.0 98.0 330.0 2.0 
176.0 330.0 98.0 330.0 2.0 
166.0 330.0 98.0 330.0 2.0 
156.0 330.0 98.0 330.0 2.0 
146.0 330.0 98.0 330.0 2.0 
136.0 330.0 98.0 330.0 2.0 
126.0 330.0 98.0 330.0 2.0 
187.0 330.0 134.0 330.0 2.0 
177.0 330.0 134.0 330.0 2.0 
167.0 330.0 134.0 330.0 2.0 
157.0 330.0 134.0 330.0 2.0 
