 -2.09610392e+00
 -1.31760988e+00
 -1.30467151e+00
 -1.27659183e+00
 -5.75484978e-01
 -6.08311118e-01
 -9.23442851e-01
 -1.04933001e+00
 -3.54999193e-01
 -1.30518531e+00
 -1.06580442e+00
 -1.36629096e+00
 -1.26800889e+00
 -1.25547622e+00
 -1.29939755e+00
 -1.29141435e+00
 -1.12893604e+00
 -1.16521530e+00
 -1.17217504e+00
 -1.31819942e+00
 -1.31061195e+00
 -3.16203792e-02
 2.76430999e-02
 2.05889763e-03
 -2.63234532e-01
 -4.39537442e-01
 2.69454174e-01
 -7.31208809e-01
 9.40423037e-01
 2.45210387e+00
 5.45916534e-02
 -2.44390191e+00
 -3.97690279e-02
 -9.00572812e-01
 1.20070358e-01
 5.20827182e-02
 1.75724117e-01
 -5.13994235e-01
 -1.50564354e+00
 -1.13373331e+00
 -1.10905124e-01
 -5.91259415e-02
 -1.63799657e-01
 -2.20802448e-01
 -1.14248297e-01
 6.78967275e-02
 6.85225020e-02
 1.58530325e-02
 2.08616839e-01
 -9.36862959e-01
 -2.55478954e+00
 -2.12565309e-01
 2.00497776e+00
 -1.29556385e-01
 6.09561876e-01
 -3.58165072e-01
 -1.52098206e-01
 -2.01689605e-01
 3.97241719e-01
 1.02305315e+00
 9.17556310e-01
 -1.56840271e-01
 -1.60982506e-01
 -2.09539982e+00
 -1.26575552e+00
 -1.26134156e+00
 -1.27118631e+00
 -5.84130178e-01
 -6.19541841e-01
 -8.74273816e-01
 -9.91001895e-01
 -3.05676296e-01
 -1.30723299e+00
 -9.68327152e-01
 -1.30267781e+00
 -1.19339747e+00
 -1.17188911e+00
 -1.23547200e+00
 -1.20167169e+00
 -1.12112780e+00
 -1.16263936e+00
 -1.13107789e+00
 -1.27608984e+00
 -1.22964676e+00
 -5.44380059e-01
 -2.66099787e-01
 -2.31473314e-01
 -1.72011562e-01
 2.61289587e-02
 -5.75608534e-01
 8.73927126e-01
 -5.27395159e-01
 -1.26881272e+00
 -3.04468573e-01
 1.22659375e+00
 -2.58007974e-01
 2.34965364e-01
 -2.70928071e-01
 -3.45206126e-01
 -3.85020671e-01
 -1.00650925e-01
 5.07458508e-01
 6.55813728e-02
 -1.00276345e-01
 -2.58478478e-01
 -4.35526285e-01
 -1.52043840e-01
 -1.66410502e-01
 -2.74048450e-01
 -6.62273530e-02
 -9.71880944e-02
 -1.07243296e+00
 -9.89164075e-03
 1.52206325e+00
 -1.49224616e-01
 -1.58163044e+00
 -2.17818101e-01
 -4.64486632e-01
 -5.11434621e-02
 -1.34329731e-01
 -7.47264200e-02
 -2.40682741e-01
 -8.57864933e-01
 -6.30848471e-01
 -2.37520835e-01
 -1.82705817e-01
